For topic 0:
	'writes': 0.00904755066922
	'article': 0.00734692693406
	'don': 0.00463856739744
	'good': 0.0038202716976
	'apr': 0.00378212893163
For topic 1:
	'writes': 0.00624085813501
	'article': 0.00588048674846
	'people': 0.00521417615763
	'don': 0.00485502207367
	'gun': 0.0031454419265
For topic 2:
	'people': 0.00571430234623
	'window': 0.00500348385059
	'don': 0.00423000707636
	'writes': 0.00354458761972
	'article': 0.00328679174311
For topic 3:
	'writes': 0.00910519471511
	'article': 0.00800283531163
	'people': 0.00434318827238
	'time': 0.00425521947977
	'good': 0.00383907721067
For topic 4:
	'writes': 0.007475957897
	'article': 0.00674721677424
	'don': 0.00627780358225
	'people': 0.00497782566644
	'good': 0.00366438710024
For topic 5:
	'writes': 0.00591704391218
	'article': 0.00487353618241
	'space': 0.003322949938
	'don': 0.00311326237347
	'data': 0.00291996333355
For topic 6:
	'writes': 0.0065558966058
	'article': 0.0057773961968
	'file': 0.00534164325721
	'output': 0.00474758546387
	'don': 0.0041315731457
For topic 7:
	'scsi': 0.00822519399484
	'drive': 0.00575640507049
	'mb': 0.00570940096854
	'card': 0.00509363373818
	'bit': 0.00427507952801
For topic 8:
	'god': 0.0079195224536
	'mr': 0.00735769726594
	'don': 0.00700531645501
	'stephanopoulos': 0.00673001747636
	'writes': 0.00468984024631
For topic 9:
	'db': 0.00852339410881
	'writes': 0.00465742037285
	'article': 0.00431120949668
	'people': 0.00397253267122
	'time': 0.0034877641535
For topic 10:
	'writes': 0.00796776917789
	'article': 0.00653342092208
	'don': 0.00582709852238
	'time': 0.00478883812774
	'people': 0.0040789121269
For topic 11:
	'people': 0.0041924452142
	'writes': 0.00324680019349
	'article': 0.00297391606808
	'hockey': 0.00273070259303
	'don': 0.00245773636567
For topic 12:
	'writes': 0.00765807268479
	'key': 0.00634500842067
	'encryption': 0.00613336758897
	'article': 0.00605779711637
	'chip': 0.00506066658673
For topic 13:
	'people': 0.00484587311782
	'space': 0.00467516598456
	'don': 0.00465438814969
	'writes': 0.00451588783298
	'time': 0.0042834865769
For topic 14:
	'writes': 0.00557032291956
	'people': 0.00536783495379
	'article': 0.00495732440339
	'don': 0.00435456654387
	'time': 0.00257808670167
For topic 15:
	'don': 0.00551342998574
	'people': 0.00484127296392
	'writes': 0.00344720840026
	'jpeg': 0.00304165511153
	'good': 0.00285218006537
For topic 16:
	'god': 0.0109612828918
	'people': 0.00767704770046
	'writes': 0.00645984687568
	'article': 0.00536195154042
	'don': 0.00492202502234
For topic 17:
	'people': 0.00694067188966
	'writes': 0.00659933266165
	'god': 0.00615018155415
	'article': 0.00587634137136
	'file': 0.0047995854235
For topic 18:
	'writes': 0.00511959480431
	'jews': 0.00486895661067
	'article': 0.00451377026305
	'turkish': 0.00422453588279
	'years': 0.00293569442941
For topic 19:
	'writes': 0.00777763766203
	'article': 0.00569630228105
	'don': 0.00562323901667
	'good': 0.00350248303517
	'people': 0.0034323967425
