For topic 0:
	'writes': 0.00494620636488
	'article': 0.00455859914686
	'people': 0.00426816254754
	'time': 0.00346068882983
	'don': 0.00345833100203
For topic 1:
	'writes': 0.00599456034514
	'don': 0.00553127505563
	'article': 0.00491223835601
	'people': 0.00382277426695
	'windows': 0.00376459455487
For topic 2:
	'writes': 0.00832534724496
	'article': 0.00652922173039
	'people': 0.00592631744109
	'god': 0.00572484559932
	'don': 0.00453564817182
For topic 3:
	'writes': 0.00672269474139
	'article': 0.0052744601582
	'scsi': 0.00494730061171
	'don': 0.004892474636
	'people': 0.00393346389712
For topic 4:
	'god': 0.00705505711237
	'writes': 0.00576745553552
	'people': 0.00561081140273
	'don': 0.00544565786372
	'article': 0.0046955047782
For topic 5:
	'db': 0.00586665623623
	'people': 0.00477125080708
	'article': 0.00467725273808
	'writes': 0.00461369254691
	'space': 0.00412236494069
For topic 6:
	'don': 0.00446751660886
	'people': 0.00414121076167
	'writes': 0.00409718644728
	'article': 0.00399472245647
	'file': 0.00365849288249
For topic 7:
	'writes': 0.00995063040122
	'article': 0.00823226900215
	'don': 0.00568500607566
	'apr': 0.00409324143755
	'ca': 0.00370468622141
For topic 8:
	'writes': 0.00556525481256
	'article': 0.00513403553796
	'people': 0.00398599657237
	'don': 0.00370506721457
	'space': 0.00303988041845
For topic 9:
	'writes': 0.00512781172865
	'people': 0.00505869595753
	'don': 0.00452678725691
	'article': 0.00429082953949
	'good': 0.00294642585876
