For topic 0:
	'writes': 0.00613156352884
	'people': 0.00516801405798
	'article': 0.00511906613365
	'don': 0.00389321241559
	'time': 0.00344224854375
For topic 1:
	'people': 0.00468850341973
	'god': 0.00425023838822
	'don': 0.00379490869081
	'writes': 0.00345262632892
	'article': 0.00309168950678
For topic 2:
	'writes': 0.00670576683983
	'article': 0.00589826678146
	'don': 0.00443663627452
	'people': 0.00429644126321
	'good': 0.00270222233798
For topic 3:
	'writes': 0.00896025047659
	'article': 0.00767002589769
	'don': 0.00606388918795
	'good': 0.00381423529219
	'people': 0.00348805033488
For topic 4:
	'don': 0.00453873311684
	'writes': 0.00447223871752
	'key': 0.00438651232813
	'people': 0.00435087733977
	'article': 0.00380406507126
